8 0.372875 0.048667 0.024250 0.054667
4 0.138500 0.111500 0.017000 0.039000
10 0.151125 0.111000 0.011250 0.042000
3 0.164375 0.110500 0.015250 0.041000
0 0.409375 0.470667 0.012250 0.021333
10 0.418125 0.471333 0.005750 0.020000
1 0.425250 0.472167 0.007000 0.021000
0 0.458625 0.472667 0.010750 0.022667
10 0.467250 0.474000 0.005000 0.023333
1 0.474000 0.474000 0.008500 0.021333
1 0.503125 0.474333 0.008750 0.020667
10 0.510000 0.475167 0.004500 0.021000
0 0.518625 0.475167 0.010750 0.021000
1 0.552000 0.476167 0.007000 0.020333
10 0.558125 0.475500 0.006250 0.020333
0 0.566875 0.476167 0.010250 0.021667
0 0.435125 0.556667 0.041750 0.070000
10 0.470125 0.557667 0.013750 0.068000
2 0.505125 0.557833 0.040750 0.072333
9 0.549000 0.561000 0.035500 0.068667
2 0.593625 0.562333 0.038250 0.070000
0 0.579125 0.653500 0.013250 0.022333
0 0.592125 0.653500 0.012750 0.022333
0 0.605375 0.654167 0.012750 0.025000
0 0.619625 0.654000 0.014750 0.026667
1 0.634625 0.655833 0.010250 0.025667
1 0.648625 0.655167 0.009750 0.027000
0 0.578875 0.682000 0.013750 0.024000
0 0.592625 0.683667 0.013750 0.022000
0 0.605625 0.683333 0.012250 0.024000
0 0.620375 0.684667 0.013250 0.022667
0 0.634625 0.685000 0.012250 0.023333
0 0.648500 0.685333 0.015500 0.024000
