4 0.364375 0.354000 0.014750 0.030667
0 0.377875 0.355167 0.013250 0.033000
10 0.386875 0.357667 0.006750 0.031333
0 0.396750 0.358167 0.014000 0.031000
2 0.365375 0.394000 0.012750 0.030667
10 0.374875 0.396167 0.005250 0.029667
1 0.384375 0.396500 0.013250 0.031000
5 0.396500 0.398667 0.013500 0.033333
2 0.350750 0.434167 0.015500 0.031000
5 0.364750 0.437000 0.012500 0.033333
0 0.376750 0.438833 0.013500 0.033000
10 0.386125 0.439667 0.007250 0.031333
0 0.396125 0.442167 0.015250 0.035000
1 0.276000 0.461500 0.013500 0.032333
9 0.290000 0.463000 0.014500 0.033333
2 0.302875 0.465333 0.013250 0.033333
5 0.314125 0.467167 0.012750 0.033667
1 0.326125 0.469167 0.012750 0.034333
4 0.339125 0.471000 0.014250 0.030667
3 0.350750 0.474500 0.014000 0.034333
2 0.363375 0.477333 0.014250 0.033333
9 0.375750 0.480333 0.014000 0.032000
4 0.390000 0.483833 0.014500 0.031000
1 0.401250 0.485833 0.010500 0.033667
2 0.413750 0.487667 0.015000 0.032000
3 0.425750 0.489333 0.014000 0.033333
10 0.435875 0.490667 0.009250 0.034000
5 0.446250 0.493000 0.014000 0.034000
