1 0.256000 0.467333 0.042000 0.236667
10 0.290250 0.470667 0.033000 0.238667
8 0.367250 0.464333 0.114500 0.238667
10 0.446625 0.412000 0.037750 0.089333
10 0.439375 0.497000 0.036250 0.065333
10 0.434250 0.567000 0.035500 0.061333
8 0.514750 0.475500 0.114500 0.248333
10 0.587000 0.420000 0.047500 0.105333
10 0.582500 0.506000 0.043500 0.066667
10 0.581375 0.577000 0.049250 0.075333
8 0.661500 0.474333 0.114500 0.254667
10 0.718750 0.478667 0.035500 0.242000
8 0.804750 0.479167 0.115500 0.262333
