1 0.520500 0.387667 0.024000 0.193333
5 0.591000 0.392000 0.076500 0.195333
8 0.684375 0.400000 0.081750 0.187333
3 0.775750 0.407167 0.078000 0.183000
2 0.816625 0.269500 0.018750 0.034333
2 0.725375 0.625167 0.028750 0.061000
3 0.759625 0.625667 0.022750 0.062000
10 0.769750 0.625667 0.005000 0.062000
3 0.792375 0.625000 0.023250 0.057333
6 0.579500 0.623333 0.025500 0.062667
10 0.557375 0.624167 0.006750 0.061667
3 0.545375 0.623000 0.023750 0.063333
2 0.506250 0.623333 0.028000 0.064000
1 0.794250 0.743000 0.008500 0.034667
1 0.773625 0.743667 0.009250 0.034667
0 0.729250 0.745667 0.020000 0.042000
1 0.712875 0.745833 0.008750 0.037667
5 0.628750 0.747000 0.017500 0.043333
1 0.612000 0.748333 0.009500 0.037333
0 0.582500 0.749500 0.020000 0.045667
2 0.557875 0.750000 0.020750 0.046000
1 0.521125 0.750500 0.010750 0.041667
0 0.490000 0.751667 0.020500 0.045333
5 0.446875 0.753333 0.019250 0.044667
0 0.418125 0.754000 0.021750 0.048000
