1 0.151000 0.239000 0.021000 0.117333
2 0.185750 0.239333 0.040500 0.124667
4 0.232125 0.236167 0.044250 0.120333
6 0.276500 0.233000 0.044500 0.133333
2 0.599500 0.225000 0.061500 0.156000
5 0.662000 0.225500 0.059000 0.161000
3 0.726125 0.222833 0.069250 0.151667
4 0.796750 0.219167 0.060500 0.148333
6 0.856375 0.216333 0.073250 0.168667
2 0.925250 0.219500 0.069500 0.164333
1 0.155500 0.405667 0.018500 0.108667
3 0.187375 0.409333 0.033750 0.118000
6 0.229625 0.407667 0.036250 0.117333
6 0.275750 0.408833 0.041000 0.123667
1 0.158000 0.557167 0.017000 0.106333
4 0.191000 0.562000 0.039500 0.107333
5 0.233000 0.566833 0.041000 0.113000
3 0.276500 0.570667 0.039500 0.118000
4 0.587750 0.419000 0.047500 0.124667
6 0.642625 0.422833 0.050750 0.136333
6 0.701500 0.423833 0.062000 0.136333
5 0.764000 0.425000 0.059500 0.138667
2 0.830875 0.429333 0.067750 0.138667
1 0.916000 0.430167 0.041000 0.143000
1 0.760875 0.616833 0.032250 0.129000
5 0.810375 0.621833 0.054250 0.132333
3 0.873625 0.627167 0.066250 0.143000
2 0.495125 0.751833 0.034750 0.087000
0 0.538125 0.755000 0.030750 0.080667
0 0.573250 0.759833 0.031500 0.083667
