1 0.148875 0.389000 0.010750 0.036000
0 0.169375 0.388667 0.018750 0.035333
10 0.184500 0.388667 0.006500 0.035333
0 0.199500 0.388833 0.020000 0.036333
4 0.391250 0.286667 0.009500 0.016667
4 0.112750 0.506167 0.020500 0.035000
10 0.128625 0.506500 0.007250 0.035000
5 0.144625 0.506333 0.018250 0.036000
1 0.175625 0.506833 0.011750 0.035000
0 0.196625 0.507333 0.019250 0.036000
10 0.211875 0.507500 0.006250 0.035667
0 0.227125 0.507667 0.018750 0.036000
0 0.110625 0.618500 0.019250 0.035667
10 0.125875 0.618000 0.006250 0.036000
4 0.140625 0.618167 0.018750 0.035667
5 0.161375 0.619500 0.018750 0.036333
4 0.193500 0.619333 0.020000 0.036000
10 0.209125 0.619167 0.006250 0.035667
5 0.224375 0.620500 0.019750 0.036333
0 0.108250 0.739833 0.019000 0.037667
10 0.123500 0.739667 0.007500 0.036667
1 0.137375 0.740000 0.012750 0.036667
0 0.170500 0.741167 0.019000 0.039000
10 0.186000 0.740667 0.006500 0.038667
4 0.200875 0.741333 0.020250 0.036667
5 0.222000 0.742333 0.019500 0.038000
0 0.137875 0.862167 0.019750 0.038333
10 0.153625 0.862500 0.006250 0.037000
1 0.167250 0.862833 0.013000 0.037000
0 0.188500 0.864000 0.019000 0.038000
