8 0.146375 0.286333 0.015250 0.030000
2 0.159875 0.288000 0.011750 0.032000
4 0.171875 0.288667 0.014250 0.032000
5 0.187250 0.288333 0.015500 0.034000
1 0.541375 0.071667 0.011250 0.038667
9 0.554875 0.072167 0.015750 0.041000
9 0.569375 0.071167 0.017250 0.044333
9 0.586000 0.072167 0.016000 0.046333
9 0.600500 0.072500 0.015500 0.047000
4 0.690125 0.076500 0.015750 0.040333
1 0.700000 0.067167 0.007000 0.021667
2 0.709875 0.085167 0.009750 0.025000
1 0.790125 0.081000 0.011250 0.035333
0 0.803250 0.080667 0.016500 0.039333
2 0.818500 0.081667 0.015000 0.038667
4 0.834125 0.083000 0.014750 0.041333
0 0.216875 0.433333 0.033250 0.096667
10 0.239125 0.434833 0.009750 0.094333
0 0.265375 0.434500 0.039750 0.092333
0 0.317000 0.436167 0.040500 0.095667
0 0.367875 0.435333 0.036250 0.096667
0 0.417875 0.433333 0.038750 0.097333
1 0.473750 0.369167 0.011000 0.056333
2 0.491250 0.370667 0.020500 0.062667
0 0.527500 0.368667 0.026000 0.058667
5 0.552125 0.368667 0.023250 0.060667
0 0.589250 0.370167 0.023000 0.062333
2 0.615125 0.371333 0.025250 0.062667
0 0.475875 0.445167 0.022250 0.058333
0 0.498750 0.445500 0.028000 0.058333
10 0.519750 0.429833 0.010500 0.029667
10 0.518125 0.461667 0.008750 0.026000
0 0.534250 0.445500 0.022500 0.056333
1 0.565000 0.444667 0.018500 0.055333
10 0.577250 0.430333 0.011500 0.030667
10 0.575375 0.459667 0.009750 0.027333
4 0.593375 0.444167 0.020750 0.053667
8 0.616000 0.445667 0.024500 0.055333
2 0.878250 0.288333 0.007000 0.018000
3 0.885125 0.289500 0.005250 0.020333
2 0.891750 0.288500 0.007500 0.019000
1 0.849125 0.502500 0.008250 0.025000
0 0.858625 0.503333 0.011750 0.027333
1 0.509375 0.901667 0.026250 0.055333
7 0.538375 0.900000 0.029250 0.052000
