8 0.573250 0.228333 0.024500 0.059333
10 0.587875 0.227833 0.004750 0.057000
3 0.607625 0.227500 0.024250 0.058333
2 0.654500 0.797333 0.007500 0.012667
0 0.662000 0.798500 0.007000 0.011667
1 0.668625 0.799500 0.004750 0.011667
9 0.676625 0.800333 0.007250 0.012000
1 0.683500 0.802000 0.005000 0.011333
1 0.691000 0.803167 0.004500 0.011667
2 0.699250 0.804000 0.007000 0.012667
1 0.706125 0.805000 0.004750 0.011333
1 0.713625 0.806167 0.004750 0.011667
1 0.721125 0.807333 0.005750 0.011333
1 0.729250 0.808667 0.005000 0.012000
8 0.737375 0.809167 0.007750 0.012333
3 0.744750 0.810333 0.007000 0.012000
9 0.753000 0.811500 0.007500 0.011667
