8 0.482375 0.243167 0.043250 0.101667
3 0.528750 0.243167 0.042500 0.105667
9 0.576625 0.243500 0.046250 0.108333
6 0.625000 0.243167 0.050000 0.110333
0 0.679250 0.242667 0.058000 0.115333
2 0.659125 0.680667 0.005750 0.010667
0 0.664875 0.680833 0.005750 0.009667
1 0.670250 0.681667 0.004000 0.009333
1 0.675750 0.682167 0.004000 0.009667
1 0.681500 0.683000 0.004500 0.009333
1 0.687375 0.683500 0.003750 0.009667
8 0.693625 0.684167 0.006250 0.009667
1 0.699000 0.685000 0.004000 0.009333
1 0.704500 0.685500 0.004500 0.009667
1 0.710375 0.686333 0.004250 0.010000
4 0.716625 0.686833 0.006750 0.009667
1 0.722125 0.687500 0.004250 0.009667
8 0.728625 0.688167 0.005750 0.009667
9 0.734500 0.688667 0.006000 0.009333
1 0.147125 0.891333 0.003250 0.010000
2 0.195875 0.900333 0.005750 0.010667
3 0.246875 0.909667 0.005250 0.011333
4 0.298500 0.920000 0.005000 0.010667
5 0.363750 0.931000 0.005500 0.011333
6 0.419125 0.940667 0.005750 0.011333
7 0.476125 0.950167 0.005750 0.011667
8 0.534625 0.960667 0.005250 0.012000
9 0.606625 0.973833 0.005250 0.011667
1 0.665000 0.983833 0.004000 0.011000
0 0.671250 0.984833 0.006000 0.011667
1 0.112250 0.968500 0.008500 0.023000
2 0.174125 0.981000 0.011750 0.024000
1 0.728750 0.993000 0.004000 0.010667
1 0.734625 0.994333 0.003750 0.011333
