4 0.225000 0.389833 0.049000 0.110333
10 0.244875 0.390833 0.011250 0.108333
6 0.284125 0.390167 0.057250 0.113667
10 0.309875 0.389500 0.015750 0.113667
6 0.353500 0.389833 0.053000 0.122333
10 0.378375 0.389500 0.015750 0.115000
0 0.421625 0.395167 0.056750 0.113000
10 0.445375 0.396167 0.010250 0.113667
10 0.490500 0.418000 0.006500 0.025333
2 0.233375 0.294667 0.011750 0.028667
8 0.245875 0.297667 0.012250 0.033333
0 0.256875 0.297000 0.008750 0.034667
0 0.267375 0.294667 0.018250 0.034000
4 0.576000 0.397500 0.057000 0.116333
10 0.601250 0.399667 0.015000 0.114667
6 0.638500 0.401833 0.057500 0.117667
10 0.665875 0.402000 0.016250 0.112667
6 0.701000 0.399333 0.052000 0.120000
10 0.728375 0.401833 0.013750 0.119000
0 0.766000 0.401167 0.054500 0.116333
10 0.789125 0.403000 0.011750 0.110667
4 0.215750 0.561500 0.053000 0.113667
10 0.237500 0.562500 0.016000 0.111667
6 0.276875 0.561833 0.058750 0.115667
10 0.303125 0.562833 0.013250 0.115000
6 0.346125 0.562500 0.058750 0.117000
10 0.371125 0.563167 0.015750 0.118333
0 0.412750 0.565500 0.062000 0.116333
10 0.437750 0.564500 0.013500 0.114333
4 0.568500 0.564333 0.055000 0.118667
10 0.590625 0.565500 0.016750 0.115000
6 0.633750 0.564833 0.052000 0.115000
10 0.657375 0.565333 0.015750 0.112667
6 0.697000 0.564167 0.053000 0.115000
10 0.722125 0.566667 0.014750 0.117333
0 0.756375 0.565000 0.054750 0.109333
10 0.783625 0.566667 0.013250 0.112667
10 0.861000 0.590500 0.005500 0.021667
10 0.642250 0.974000 0.010000 0.040000
1 0.726875 0.974833 0.016750 0.045000
7 0.749000 0.972667 0.029000 0.044667
1 0.775875 0.970167 0.019750 0.047667
8 0.800625 0.968833 0.027250 0.048333
10 0.819000 0.969667 0.012000 0.048667
