0 0.672000 0.387167 0.027500 0.076333
0 0.701875 0.387333 0.027250 0.080667
0 0.744250 0.393333 0.030000 0.077333
1 0.782500 0.393167 0.022500 0.073000
0 0.723250 0.296333 0.012000 0.019333
3 0.785875 0.336667 0.011250 0.022667
6 0.810375 0.420667 0.012250 0.024667
9 0.777625 0.501833 0.009750 0.017000
1 0.707875 0.529667 0.007250 0.019333
2 0.716000 0.529667 0.009000 0.019333
1 0.644625 0.489500 0.006250 0.018333
5 0.651500 0.489500 0.007500 0.020333
1 0.623375 0.407833 0.007250 0.020333
8 0.631375 0.408833 0.007250 0.022333
2 0.656000 0.324333 0.006500 0.019333
1 0.663250 0.324333 0.008000 0.021333
2 0.729000 0.832500 0.010500 0.022333
0 0.741000 0.834167 0.013500 0.025667
1 0.752250 0.834167 0.009000 0.025667
1 0.762000 0.833667 0.010500 0.024667
0 0.774500 0.835667 0.014500 0.026667
1 0.786125 0.836167 0.008750 0.025667
7 0.797875 0.835167 0.012750 0.021667
1 0.726875 0.857167 0.009750 0.027000
1 0.738125 0.859500 0.009750 0.029000
0 0.751125 0.857667 0.012750 0.028000
8 0.764000 0.859333 0.011500 0.031333
1 0.797500 0.858333 0.010500 0.022667
1 0.858375 0.859833 0.006250 0.023667
10 0.866000 0.860333 0.009000 0.022667
1 0.876125 0.860333 0.009750 0.022667
