4 0.516750 0.620667 0.038000 0.102000
10 0.542250 0.628167 0.019500 0.091667
3 0.570375 0.622667 0.032250 0.108667
2 0.475375 0.307833 0.024250 0.059000
0 0.498250 0.308833 0.023500 0.055000
3 0.431750 0.378167 0.016000 0.055667
0 0.458750 0.381500 0.023500 0.060333
4 0.404250 0.479333 0.021000 0.058000
0 0.429750 0.483667 0.025000 0.066667
5 0.426500 0.574500 0.020000 0.057000
0 0.446625 0.570167 0.020250 0.055000
5 0.686125 0.583667 0.021750 0.058000
0 0.710750 0.584667 0.024000 0.060000
4 0.712750 0.496333 0.023500 0.056000
0 0.735750 0.493667 0.021000 0.052667
2 0.655125 0.316833 0.024250 0.060333
0 0.680875 0.314167 0.024250 0.057000
3 0.696250 0.391167 0.019500 0.051667
0 0.717625 0.388833 0.021750 0.051667
