2 0.433750 0.506167 0.068500 0.131000
4 0.498250 0.509333 0.060500 0.112000
10 0.530500 0.526000 0.023500 0.110667
6 0.573375 0.511000 0.071750 0.117333
1 0.424125 0.270667 0.021750 0.045333
2 0.441500 0.270667 0.021000 0.036667
5 0.463250 0.269167 0.022500 0.037667
5 0.437750 0.649833 0.068500 0.123667
8 0.497500 0.652833 0.055500 0.121667
10 0.530875 0.658167 0.024250 0.115000
6 0.571625 0.651333 0.070250 0.114000
6 0.127750 0.563167 0.035500 0.034333
4 0.127250 0.594333 0.038000 0.021333
8 0.816375 0.564667 0.030750 0.024667
9 0.812375 0.587333 0.033750 0.024667
1 0.305125 0.768500 0.012750 0.071000
2 0.320000 0.765167 0.031500 0.062333
3 0.366000 0.770667 0.026500 0.056000
0 0.389750 0.771833 0.029000 0.062333
6 0.476000 0.767833 0.035500 0.067667
0 0.570875 0.768000 0.026750 0.070000
8 0.599500 0.765833 0.026000 0.074333
10 0.620875 0.750667 0.016250 0.028000
10 0.622000 0.782667 0.027500 0.026667
0 0.647000 0.765667 0.030500 0.060667
0 0.675500 0.762333 0.026500 0.066000
8 0.477000 0.842833 0.016500 0.038333
0 0.490375 0.844667 0.016250 0.034667
1 0.505875 0.842500 0.017750 0.036333
3 0.525000 0.843500 0.019500 0.041000
8 0.445250 0.928000 0.023000 0.036667
9 0.464500 0.929667 0.018000 0.041333
