2 0.296250 0.533000 0.026000 0.056000
3 0.334875 0.534000 0.024250 0.058000
0 0.372500 0.534167 0.025000 0.062333
10 0.388250 0.533667 0.006500 0.061333
0 0.427625 0.534000 0.025750 0.058000
0 0.468500 0.536333 0.026500 0.058000
3 0.343375 0.450167 0.013750 0.032333
1 0.358375 0.450667 0.012750 0.035333
0 0.372875 0.449667 0.012750 0.037333
1 0.297125 0.621167 0.009750 0.049667
10 0.306000 0.622333 0.008000 0.049333
0 0.342250 0.621833 0.029000 0.057000
0 0.383750 0.620000 0.028000 0.058000
0 0.425750 0.620667 0.026500 0.059333
0 0.467250 0.621167 0.026000 0.055667
3 0.293000 0.710000 0.022500 0.061333
1 0.337000 0.710000 0.013500 0.052667
10 0.347375 0.711500 0.007250 0.053667
0 0.384500 0.711000 0.026500 0.052667
0 0.425000 0.711500 0.025000 0.055667
0 0.465250 0.711500 0.026500 0.058333
0 0.288125 0.800333 0.025750 0.061333
10 0.307625 0.800833 0.009750 0.060333
2 0.345125 0.799667 0.021750 0.058000
0 0.384125 0.799667 0.027250 0.058000
0 0.422875 0.799167 0.030750 0.059000
0 0.464000 0.799000 0.029000 0.061333
