1 0.515000 0.416500 0.036500 0.125667
7 0.560250 0.417000 0.042000 0.131333
10 0.575875 0.418167 0.017250 0.129000
3 0.611125 0.417667 0.046750 0.130667
6 0.594000 0.730000 0.013500 0.029333
9 0.606250 0.730167 0.014500 0.031000
0 0.619625 0.730500 0.012250 0.031667
2 0.633000 0.731333 0.014500 0.033333
1 0.545750 0.770667 0.008500 0.019333
5 0.554750 0.770167 0.010000 0.018333
0 0.565000 0.770000 0.009500 0.020667
1 0.601125 0.769000 0.007750 0.020000
3 0.609875 0.769500 0.009750 0.022333
0 0.619000 0.769333 0.010000 0.025333
0 0.628625 0.769333 0.010250 0.025333
