1 0.259125 0.621167 0.033750 0.051667
0 0.285750 0.621833 0.024000 0.048333
0 0.308375 0.623833 0.027250 0.055000
8 0.647375 0.251667 0.020250 0.042000
9 0.661875 0.252667 0.019750 0.043333
10 0.669750 0.254667 0.004500 0.036667
5 0.678875 0.252833 0.016250 0.042333
0 0.627625 0.294167 0.017750 0.045667
10 0.638125 0.296833 0.010750 0.038333
1 0.650625 0.295833 0.008250 0.037000
7 0.662625 0.295333 0.012250 0.038667
9 0.678000 0.296333 0.016000 0.039333
5 0.628000 0.338333 0.016000 0.045333
10 0.635875 0.341167 0.006750 0.037667
7 0.647125 0.341833 0.013250 0.041667
9 0.660625 0.341500 0.013750 0.037667
5 0.675125 0.343167 0.015250 0.041000
7 0.594000 0.390000 0.016500 0.059333
9 0.611875 0.389833 0.017750 0.049000
10 0.620375 0.393500 0.005750 0.047000
9 0.631750 0.392333 0.021500 0.048000
7 0.654000 0.391667 0.016000 0.050667
3 0.672250 0.390000 0.021000 0.047333
4 0.645875 0.480000 0.009250 0.018667
0 0.657250 0.480167 0.013500 0.021000
0 0.562500 0.457500 0.007500 0.017000
1 0.570375 0.458167 0.008250 0.015667
4 0.701125 0.458667 0.008250 0.015333
0 0.708250 0.458000 0.008000 0.013333
