2 0.764000 0.251833 0.050000 0.130333
4 0.813500 0.250833 0.039500 0.121667
10 0.832750 0.252500 0.010500 0.118333
9 0.867500 0.251833 0.044500 0.127667
1 0.264625 0.462667 0.025750 0.052667
5 0.287375 0.459333 0.025750 0.048667
0 0.312625 0.458333 0.028250 0.050667
1 0.409125 0.463167 0.024250 0.051667
3 0.433750 0.460500 0.025000 0.048333
0 0.458250 0.461000 0.026000 0.047333
0 0.483250 0.461000 0.026000 0.049333
6 0.363125 0.921833 0.024250 0.046333
8 0.388500 0.920667 0.025000 0.048667
0 0.412000 0.920667 0.025000 0.042000
1 0.433625 0.921667 0.021750 0.044000
6 0.822375 0.114667 0.015250 0.036667
8 0.842125 0.117000 0.016250 0.038667
0 0.861375 0.117833 0.017750 0.034333
1 0.879250 0.117500 0.016000 0.037667
0 0.715125 0.602167 0.009750 0.016333
10 0.722375 0.603000 0.006250 0.016667
1 0.729250 0.603000 0.009500 0.019333
1 0.819875 0.600000 0.010250 0.017333
