0 0.479875 0.201667 0.018750 0.041333
10 0.495000 0.201333 0.006000 0.042667
8 0.509000 0.200000 0.020000 0.042667
5 0.530625 0.198833 0.016750 0.042333
7 0.480125 0.253833 0.018250 0.039667
0 0.496000 0.254333 0.006500 0.040000
8 0.510125 0.252833 0.018750 0.042333
0 0.532000 0.251667 0.018000 0.042000
3 0.406500 0.308167 0.010500 0.021000
7 0.418375 0.307500 0.008750 0.020333
6 0.429500 0.307167 0.009000 0.019667
2 0.531250 0.302833 0.010000 0.019667
2 0.543000 0.302167 0.010500 0.019667
10 0.551250 0.301833 0.004500 0.019000
8 0.559625 0.301500 0.009250 0.019667
1 0.549125 0.141333 0.006750 0.012000
0 0.556000 0.140500 0.006500 0.013000
5 0.565375 0.139833 0.006750 0.013000
0 0.572375 0.139667 0.006750 0.013333
3 0.581875 0.139500 0.006250 0.012333
4 0.589125 0.138333 0.006750 0.013333
