0 0.128875 0.439500 0.021750 0.055667
5 0.148750 0.438333 0.022500 0.056000
0 0.181750 0.437333 0.026000 0.051333
1 0.204000 0.437333 0.018500 0.051333
0 0.223375 0.436333 0.021750 0.058000
2 0.245500 0.437333 0.021000 0.056000
1 0.613250 0.439000 0.021000 0.054667
2 0.636625 0.439500 0.024250 0.053667
0 0.137375 0.523833 0.025750 0.048333
9 0.159625 0.523833 0.020250 0.050333
0 0.191875 0.523833 0.020250 0.050333
2 0.212000 0.525000 0.020000 0.050667
0 0.231375 0.525500 0.020250 0.053667
5 0.252375 0.525500 0.020250 0.051667
1 0.146250 0.603000 0.021000 0.047333
2 0.166000 0.603000 0.025000 0.049333
0 0.197125 0.604500 0.017750 0.046333
5 0.216500 0.606667 0.022500 0.050667
1 0.237375 0.610500 0.017750 0.053667
0 0.256375 0.608167 0.023250 0.051667
1 0.155125 0.679667 0.019250 0.042000
0 0.173750 0.680333 0.022500 0.047333
0 0.204375 0.682500 0.024250 0.043000
4 0.225250 0.681833 0.021000 0.046333
0 0.244625 0.683000 0.017750 0.050667
3 0.262000 0.683500 0.023500 0.049667
0 0.165625 0.750667 0.020750 0.044000
6 0.186125 0.751333 0.020250 0.045333
0 0.216500 0.753000 0.021000 0.044000
6 0.235000 0.755667 0.016000 0.047333
0 0.253125 0.754667 0.018750 0.047333
6 0.272500 0.755667 0.018500 0.049333
0 0.176000 0.819000 0.021000 0.038667
2 0.195500 0.819500 0.019500 0.039667
0 0.223625 0.821167 0.017750 0.041000
3 0.241000 0.822333 0.017000 0.045333
0 0.259500 0.822833 0.018500 0.046333
4 0.278125 0.822333 0.020250 0.045333
4 0.633750 0.527167 0.023500 0.055000
2 0.607125 0.611500 0.023250 0.045000
2 0.630125 0.614167 0.022750 0.048333
3 0.607125 0.691000 0.018750 0.047333
6 0.627000 0.693167 0.021000 0.051667
3 0.624500 0.762667 0.024000 0.050667
7 0.624000 0.836167 0.025000 0.045000
1 0.579375 0.127500 0.025750 0.081667
5 0.611125 0.127667 0.034750 0.079333
0 0.646250 0.127667 0.034000 0.077333
2 0.681750 0.127000 0.038500 0.082667
1 0.716000 0.127000 0.030000 0.082667
0 0.750250 0.125500 0.037000 0.081667
0 0.806750 0.127000 0.035500 0.082667
1 0.840625 0.127000 0.032250 0.082667
