1 0.554250 0.409833 0.014500 0.039667
2 0.571125 0.408500 0.018250 0.039667
8 0.588375 0.408333 0.017750 0.039333
6 0.608000 0.410833 0.017000 0.041667
4 0.625625 0.409833 0.016750 0.042333
1 0.665125 0.410667 0.016250 0.040000
9 0.513875 0.571000 0.018750 0.034000
3 0.532750 0.571667 0.018000 0.036000
7 0.584500 0.575000 0.015500 0.042667
0 0.605625 0.573500 0.021750 0.036333
1 0.656000 0.573167 0.016000 0.043667
3 0.674375 0.572000 0.018250 0.042667
10 0.688500 0.573167 0.009000 0.047000
5 0.708375 0.573500 0.018250 0.044333
1 0.512500 0.621333 0.014500 0.040667
2 0.528875 0.622333 0.019250 0.042667
8 0.546875 0.623167 0.017750 0.046333
6 0.601125 0.626000 0.017250 0.046667
4 0.620500 0.624333 0.020500 0.038667
7 0.513750 0.674333 0.014500 0.038000
0 0.531125 0.675500 0.019750 0.041667
10 0.543875 0.677333 0.010750 0.040000
7 0.564375 0.676167 0.021250 0.041000
3 0.615750 0.675667 0.020000 0.040000
8 0.633625 0.675167 0.016250 0.039667
10 0.646625 0.675167 0.008250 0.039667
8 0.667500 0.675000 0.016000 0.039333
1 0.362250 0.064667 0.031500 0.057333
2 0.922125 0.093833 0.032250 0.058333
0 0.954125 0.093167 0.030750 0.057000
