1 0.415625 0.373000 0.013250 0.056000
1 0.449375 0.374333 0.011250 0.060000
1 0.511500 0.578667 0.008500 0.038667
8 0.472250 0.374167 0.027500 0.062333
8 0.451875 0.443000 0.026250 0.056667
8 0.487625 0.444167 0.027250 0.057667
9 0.521750 0.447167 0.024500 0.057667
9 0.540500 0.377500 0.026500 0.061000
6 0.505625 0.377000 0.026750 0.064667
6 0.570625 0.379833 0.026250 0.061000
6 0.571250 0.580333 0.019500 0.042000
0 0.554125 0.449000 0.026750 0.052000
0 0.567000 0.626167 0.021500 0.039667
3 0.527000 0.578000 0.017500 0.046000
3 0.552750 0.578833 0.015000 0.044333
1 0.130500 0.404667 0.019000 0.052000
1 0.155750 0.549333 0.017500 0.044000
4 0.153500 0.404000 0.027000 0.050667
0 0.181250 0.405333 0.027500 0.052000
0 0.202500 0.551000 0.027000 0.046000
6 0.176750 0.550000 0.024500 0.048000
0 0.172250 0.675333 0.026500 0.040000
8 0.148250 0.673333 0.022500 0.042667
1 0.803250 0.460667 0.011500 0.046667
