1 0.411125 0.260500 0.031250 0.095667
2 0.459625 0.262000 0.042750 0.096667
3 0.503875 0.263167 0.044250 0.097000
1 0.635375 0.264167 0.029750 0.090333
2 0.681375 0.266333 0.042750 0.094667
5 0.725625 0.266833 0.041250 0.093667
1 0.381125 0.390333 0.009750 0.026000
3 0.392000 0.390333 0.011000 0.026000
0 0.402750 0.392000 0.010500 0.026000
0 0.414375 0.392667 0.010250 0.024667
3 0.432250 0.392333 0.008500 0.025333
8 0.442625 0.392333 0.009750 0.022000
0 0.453125 0.393000 0.009750 0.025333
7 0.472250 0.392667 0.008000 0.024667
7 0.482375 0.393500 0.009750 0.024333
9 0.548125 0.395167 0.009750 0.024333
1 0.558875 0.396000 0.007750 0.022667
1 0.567375 0.395833 0.007750 0.024333
1 0.578625 0.395833 0.012250 0.024333
5 0.250625 0.613333 0.059750 0.122667
6 0.317375 0.615500 0.070250 0.128333
4 0.386875 0.617000 0.062750 0.130000
5 0.195125 0.734167 0.009750 0.023000
4 0.205500 0.734167 0.008500 0.024333
0 0.214625 0.735333 0.008750 0.025333
2 0.232625 0.734167 0.009250 0.024333
9 0.241250 0.734500 0.005500 0.025000
5 0.249125 0.734500 0.010250 0.027000
7 0.267000 0.735333 0.008500 0.028667
0 0.277125 0.736167 0.010250 0.028333
1 0.336000 0.734833 0.007500 0.024333
2 0.345125 0.735333 0.013250 0.025333
3 0.355750 0.736167 0.010500 0.023667
3 0.365500 0.737000 0.008000 0.025333
9 0.375000 0.737333 0.010000 0.026000
5 0.550250 0.738667 0.010500 0.018667
0 0.559750 0.738500 0.007500 0.020333
0 0.569625 0.739000 0.009750 0.021333
2 0.586875 0.741000 0.007750 0.022000
4 0.595625 0.738500 0.009750 0.020333
0 0.605500 0.738667 0.008500 0.022000
0 0.615000 0.739000 0.008000 0.022667
1 0.632875 0.740333 0.007250 0.022000
0 0.639875 0.741000 0.009250 0.018667
0 0.649750 0.741500 0.010500 0.021000
1 0.709750 0.741167 0.007500 0.020333
2 0.718250 0.741000 0.011000 0.022000
1 0.728375 0.741500 0.009250 0.024333
8 0.737750 0.741333 0.011000 0.026000
1 0.749125 0.741333 0.010250 0.026000
8 0.742625 0.890667 0.012250 0.033333
8 0.758125 0.891500 0.015250 0.035000
8 0.773375 0.891500 0.015250 0.035000
1 0.395125 0.947167 0.009750 0.019667
5 0.404250 0.948000 0.008500 0.022667
7 0.413125 0.947500 0.009250 0.023667
7 0.421375 0.948667 0.007250 0.026000
2 0.437125 0.948333 0.007250 0.025333
0 0.445125 0.949167 0.007250 0.028333
0 0.454000 0.950000 0.010500 0.028667
7 0.470500 0.948667 0.005500 0.022667
0 0.478625 0.950500 0.009750 0.024333
9 0.533625 0.952000 0.007250 0.019333
1 0.542625 0.954000 0.009750 0.022000
1 0.551250 0.953667 0.008500 0.022667
2 0.561500 0.953667 0.011000 0.024667
