2 0.164875 0.514833 0.032250 0.081667
5 0.197000 0.516333 0.034000 0.084667
10 0.218000 0.518000 0.006500 0.088000
0 0.235750 0.518000 0.029000 0.088000
2 0.301375 0.520667 0.036250 0.087333
0 0.342500 0.521167 0.033000 0.090333
10 0.361875 0.521167 0.008750 0.094333
0 0.383375 0.522333 0.030750 0.094667
3 0.508750 0.457833 0.023500 0.053667
2 0.533375 0.458833 0.024250 0.058333
0 0.558000 0.459833 0.025000 0.060333
1 0.508625 0.514167 0.021750 0.055000
3 0.531750 0.514833 0.022500 0.053667
10 0.546250 0.517000 0.005000 0.058000
2 0.559875 0.518000 0.019250 0.054000
1 0.491375 0.558333 0.008250 0.022667
0 0.502250 0.559833 0.012000 0.025667
3 0.514000 0.561500 0.013000 0.029000
2 0.527625 0.560000 0.011250 0.028000
1 0.539750 0.559333 0.011500 0.026667
2 0.652750 0.554500 0.014500 0.032333
4 0.667625 0.557333 0.013750 0.033333
10 0.675750 0.557167 0.004000 0.037667
3 0.680500 0.558833 0.009000 0.043000
4 0.801750 0.566500 0.011500 0.029000
10 0.808250 0.566000 0.002500 0.030667
3 0.815125 0.565833 0.010750 0.031000
