4 0.508167 0.487625 0.018333 0.026250
0 0.526167 0.487625 0.018333 0.027750
10 0.540000 0.486875 0.008000 0.027750
0 0.553167 0.487125 0.018333 0.028250
2 0.514167 0.517250 0.021667 0.024000
10 0.529167 0.517625 0.009667 0.025750
1 0.539833 0.517625 0.011667 0.028250
5 0.558000 0.517500 0.022667 0.029500
2 0.501333 0.550375 0.022667 0.025250
5 0.518333 0.550875 0.015333 0.026250
0 0.535000 0.552125 0.021333 0.024250
10 0.547667 0.552750 0.007333 0.024000
0 0.562500 0.551875 0.019000 0.024250
1 0.403667 0.580375 0.014000 0.026750
9 0.420167 0.579750 0.013667 0.028000
2 0.438333 0.581750 0.018667 0.032500
5 0.455000 0.580750 0.014000 0.030000
1 0.471167 0.581250 0.017667 0.031000
4 0.488667 0.580500 0.017333 0.032500
3 0.505000 0.582125 0.015333 0.031750
2 0.521833 0.582750 0.019000 0.032000
9 0.538833 0.582125 0.016333 0.031750
4 0.556833 0.583000 0.019667 0.035000
1 0.573833 0.585250 0.017667 0.035000
2 0.592333 0.584375 0.020667 0.032250
3 0.610000 0.583875 0.018000 0.032250
10 0.624333 0.584000 0.007333 0.033000
5 0.637833 0.584625 0.025667 0.035750
