4 0.397684 0.296732 0.012082 0.025707
10 0.407501 0.296548 0.004027 0.025340
6 0.417317 0.296364 0.011075 0.024972
8 0.430028 0.295813 0.011326 0.025340
6 0.580418 0.293426 0.012585 0.027176
10 0.590612 0.293243 0.002769 0.026074
0 0.600428 0.293610 0.011830 0.026074
9 0.614649 0.293243 0.011578 0.026074
2 0.396552 0.385971 0.010823 0.025707
10 0.406116 0.385420 0.002769 0.024605
7 0.416184 0.385971 0.010823 0.026441
6 0.428643 0.386155 0.011075 0.026074
4 0.579285 0.385788 0.012837 0.026074
10 0.589982 0.385604 0.003020 0.026441
5 0.599924 0.385971 0.012333 0.026441
4 0.613390 0.385971 0.012585 0.026441
9 0.394790 0.461807 0.010823 0.026074
10 0.404354 0.461256 0.003272 0.026441
4 0.414171 0.461256 0.013340 0.025707
3 0.426881 0.461990 0.011578 0.026441
1 0.571608 0.463643 0.007551 0.025340
3 0.585452 0.464010 0.012585 0.026074
10 0.596149 0.463827 0.003272 0.024972
6 0.606469 0.464010 0.012837 0.026074
8 0.620186 0.464194 0.012585 0.026441
0 0.379940 0.538560 0.011830 0.026809
10 0.389630 0.538377 0.003020 0.024972
5 0.399572 0.538928 0.011326 0.026074
6 0.412283 0.538928 0.012082 0.026074
1 0.462497 0.533970 0.004279 0.015424
0 0.565064 0.542416 0.012082 0.027176
10 0.575636 0.542967 0.003524 0.026074
6 0.585452 0.543335 0.012585 0.027543
8 0.599295 0.543518 0.013088 0.027176
1 0.652530 0.538744 0.005286 0.016159
1 0.376919 0.616599 0.007299 0.026441
10 0.387365 0.616967 0.003524 0.025707
2 0.397559 0.617334 0.011830 0.027176
4 0.410395 0.617701 0.012837 0.025707
1 0.461238 0.614580 0.005286 0.016526
1 0.564183 0.623026 0.007803 0.026809
10 0.575006 0.623577 0.003775 0.026441
0 0.585452 0.623944 0.012585 0.027910
4 0.599169 0.624679 0.012837 0.027910
1 0.652530 0.621557 0.006292 0.015791
