0 0.334447 0.380145 0.010496 0.020353
5 0.412055 0.377883 0.010496 0.020353
0 0.421597 0.377657 0.008588 0.019900
2 0.394084 0.451606 0.008906 0.020353
0 0.403944 0.451606 0.009542 0.019448
8 0.553435 0.358209 0.010178 0.023519
0 0.564726 0.357531 0.011132 0.023066
1 0.686546 0.352103 0.008588 0.023971
6 0.698950 0.352103 0.011132 0.023971
0 0.710719 0.351877 0.011132 0.023519
2 0.545961 0.433514 0.011132 0.023971
0 0.557729 0.432836 0.010496 0.024423
0 0.569497 0.432384 0.010496 0.023519
4 0.686069 0.428991 0.012723 0.024876
0 0.698950 0.428313 0.011132 0.023519
0 0.711514 0.428087 0.010814 0.023971
1 0.544370 0.497512 0.009860 0.024423
2 0.555980 0.497060 0.010178 0.024423
0 0.568066 0.497286 0.011450 0.024876
2 0.685910 0.495025 0.011768 0.025780
4 0.698473 0.494573 0.012087 0.024876
0 0.710878 0.494346 0.011450 0.025328
4 0.549141 0.547490 0.012405 0.024876
0 0.561069 0.547490 0.011450 0.025780
8 0.692271 0.546359 0.011768 0.025328
0 0.704198 0.546359 0.011450 0.025328
4 0.531330 0.613297 0.011132 0.025328
0 0.543734 0.613749 0.010496 0.024423
8 0.563772 0.613297 0.011132 0.026232
0 0.575223 0.613523 0.011132 0.025780
8 0.669688 0.613976 0.013041 0.026685
0 0.682093 0.613297 0.011768 0.026232
1 0.702290 0.614202 0.010178 0.026232
6 0.715172 0.614202 0.013677 0.026232
0 0.727576 0.614202 0.011768 0.026232
