0 0.763000 0.432333 0.022000 0.044000
10 0.779125 0.431333 0.007250 0.044667
8 0.793375 0.433667 0.017250 0.052667
5 0.813750 0.431500 0.019500 0.053667
7 0.761000 0.481833 0.020000 0.047000
10 0.774750 0.482667 0.005500 0.048000
8 0.787750 0.481167 0.019500 0.047000
0 0.810500 0.482000 0.020000 0.044000
3 0.684375 0.523833 0.009750 0.024333
7 0.695375 0.521833 0.009250 0.027000
6 0.705625 0.524667 0.011250 0.033333
2 0.802875 0.526500 0.010750 0.024333
2 0.814500 0.527667 0.008500 0.028000
10 0.821875 0.527167 0.006250 0.023000
8 0.828375 0.527333 0.011750 0.028667
