1 0.527625 0.636167 0.022750 0.060333
1 0.560750 0.635667 0.019500 0.065333
6 0.595375 0.638333 0.032250 0.068667
7 0.518375 0.718000 0.029750 0.068667
8 0.548125 0.719000 0.028250 0.068667
10 0.568875 0.722333 0.009750 0.068667
6 0.591000 0.721833 0.033000 0.067667
1 0.431625 0.780333 0.009750 0.034667
2 0.443375 0.779167 0.012250 0.034333
3 0.468375 0.782500 0.016750 0.036333
0 0.485000 0.781500 0.014500 0.034333
6 0.533625 0.784667 0.015250 0.036667
0 0.589375 0.785667 0.013750 0.034667
8 0.605875 0.786667 0.016250 0.036667
0 0.633750 0.787333 0.018500 0.035333
0 0.650250 0.786667 0.014500 0.036667
