1 0.323625 0.232500 0.038750 0.083000
4 0.359500 0.234000 0.039500 0.086000
0 0.392625 0.230333 0.034750 0.078667
0 0.427750 0.228667 0.037000 0.077333
5 0.491000 0.230833 0.036500 0.081667
5 0.527750 0.230833 0.035500 0.081667
0 0.562375 0.230333 0.030750 0.078667
6 0.619250 0.231333 0.036500 0.074000
0 0.654750 0.229167 0.033000 0.078333
1 0.186125 0.606167 0.050750 0.204333
8 0.276500 0.602833 0.117000 0.215000
10 0.349125 0.545833 0.036250 0.090333
10 0.347375 0.643833 0.042750 0.101000
3 0.434125 0.607333 0.109750 0.219333
7 0.552750 0.593833 0.114500 0.209667
10 0.620875 0.542667 0.033250 0.101333
10 0.615125 0.647500 0.028250 0.085000
2 0.692250 0.594333 0.124000 0.217333
7 0.830500 0.596833 0.109000 0.209667
2 0.443375 0.775000 0.044250 0.073333
0 0.491375 0.778167 0.051750 0.075000
1 0.534125 0.768500 0.037250 0.079667
9 0.567125 0.766333 0.038750 0.073333
1 0.652250 0.765833 0.023500 0.063667
0 0.685375 0.769500 0.041250 0.064333
2 0.757125 0.769500 0.042750 0.060333
3 0.806000 0.769000 0.043500 0.061333
1 0.161500 0.762000 0.014500 0.045333
3 0.182125 0.771167 0.022250 0.048333
7 0.203750 0.776500 0.024000 0.040333
7 0.223500 0.781333 0.019500 0.032000
7 0.243625 0.787667 0.023750 0.035333
5 0.264750 0.798333 0.021500 0.037333
7 0.282375 0.800667 0.019750 0.036667
5 0.305625 0.808167 0.020250 0.035667
1 0.321375 0.815333 0.014250 0.036000
7 0.342000 0.817333 0.024000 0.037333
7 0.363750 0.825833 0.030500 0.039667
