0 0.304750 0.578167 0.028000 0.045000
10 0.324750 0.580500 0.014000 0.045667
5 0.345000 0.580833 0.025500 0.046333
1 0.369125 0.582167 0.022750 0.047667
1 0.393875 0.583000 0.026750 0.048667
0 0.339125 0.468167 0.012750 0.021667
0 0.347625 0.470167 0.010250 0.023667
0 0.356500 0.469000 0.011500 0.026000
3 0.323625 0.533333 0.013250 0.036667
6 0.403375 0.538167 0.013750 0.034333
5 0.417125 0.538167 0.015250 0.034333
10 0.428625 0.541167 0.010250 0.039000
6 0.441250 0.539167 0.015500 0.036333
4 0.456375 0.539833 0.012750 0.033667
8 0.467750 0.540000 0.012500 0.036667
