4 0.093500 0.390000 0.023500 0.040667
5 0.094250 0.426000 0.023500 0.033333
6 0.099375 0.481333 0.032250 0.040667
7 0.101875 0.529333 0.025750 0.035333
1 0.104375 0.594833 0.016250 0.035667
5 0.121375 0.600167 0.017750 0.050333
8 0.112375 0.682000 0.022750 0.031333
1 0.970750 0.405000 0.010500 0.040667
0 0.985375 0.405000 0.015250 0.045333
9 0.936625 0.593333 0.019250 0.038667
4 0.625375 0.394333 0.009750 0.032000
1 0.636625 0.395333 0.011250 0.036667
0 0.649000 0.397000 0.010500 0.040000
5 0.659500 0.396333 0.012000 0.038667
0 0.633000 0.568500 0.075000 0.202333
0 0.707125 0.570167 0.073250 0.211667
0 0.773250 0.569667 0.083000 0.191333
