2 0.511250 0.451333 0.039500 0.089333
3 0.553875 0.452333 0.039250 0.090000
1 0.505250 0.575167 0.018000 0.041667
3 0.525875 0.575500 0.019250 0.041000
10 0.542000 0.575667 0.010000 0.041333
8 0.559500 0.575500 0.020000 0.041667
0 0.613000 0.637500 0.012000 0.026333
1 0.640500 0.603333 0.010500 0.025333
2 0.662750 0.555833 0.012500 0.023000
3 0.671000 0.498167 0.013000 0.027000
4 0.661125 0.445000 0.015250 0.028667
5 0.639125 0.397000 0.014250 0.029333
6 0.607625 0.361167 0.013750 0.029667
7 0.566000 0.338167 0.014000 0.031000
7 0.500250 0.339833 0.013000 0.029667
6 0.459375 0.363167 0.012750 0.027667
5 0.429250 0.399333 0.014500 0.029333
4 0.405500 0.445833 0.015000 0.028333
3 0.398125 0.499167 0.012250 0.026333
2 0.405750 0.554333 0.012500 0.026000
1 0.424500 0.602167 0.010000 0.025667
0 0.455000 0.635833 0.012000 0.025000
