7 0.334250 0.145833 0.060000 0.123000
0 0.469750 0.148833 0.061000 0.131000
0 0.537375 0.148333 0.058750 0.126000
0 0.604500 0.148333 0.058500 0.126000
10 0.387750 0.147833 0.028000 0.127000
2 0.352500 0.287000 0.048500 0.090667
5 0.399500 0.287500 0.042000 0.091667
10 0.439625 0.288500 0.024250 0.091667
0 0.495875 0.288500 0.044750 0.087667
0 0.348625 0.499833 0.053250 0.110333
10 0.398375 0.503500 0.024250 0.113667
0 0.472500 0.500833 0.057000 0.110333
0 0.532375 0.501333 0.056250 0.109333
0 0.592375 0.500833 0.054750 0.106333
2 0.363125 0.620167 0.044750 0.082333
5 0.406625 0.619333 0.040250 0.080000
10 0.443500 0.618833 0.010000 0.079000
0 0.495875 0.618667 0.036750 0.079333
0 0.415625 0.797833 0.049250 0.091667
10 0.460000 0.798833 0.018000 0.091667
10 0.528375 0.798333 0.048250 0.092667
2 0.584000 0.798833 0.047000 0.093667
2 0.372000 0.900000 0.034500 0.068667
5 0.413875 0.900500 0.035250 0.069667
10 0.445125 0.900000 0.013250 0.066667
0 0.495125 0.898833 0.035250 0.064333
