1 0.475625 0.362000 0.015250 0.047333
0 0.506625 0.365333 0.024250 0.056000
0 0.539750 0.366833 0.026000 0.059000
10 0.558375 0.368000 0.009750 0.061333
7 0.578500 0.368000 0.021000 0.061333
4 0.611250 0.367500 0.025000 0.060333
2 0.551875 0.423333 0.019250 0.038667
4 0.580500 0.424833 0.020000 0.037667
10 0.595000 0.426500 0.009000 0.041000
0 0.610750 0.427000 0.022500 0.042000
0 0.539000 0.919000 0.014500 0.026000
2 0.555500 0.919500 0.015500 0.027000
1 0.570375 0.920667 0.011250 0.026667
5 0.602250 0.921833 0.013500 0.029000
8 0.618375 0.922167 0.015250 0.032333
6 0.633250 0.922167 0.016000 0.034333
4 0.649875 0.924500 0.013750 0.032333
5 0.664375 0.923333 0.013750 0.034667
