5 0.565125 0.463667 0.029750 0.068000
2 0.605875 0.462167 0.037250 0.071000
1 0.650125 0.462500 0.033750 0.065667
0 0.688125 0.463667 0.040250 0.070000
3 0.722000 0.371500 0.010500 0.021000
1 0.732625 0.372333 0.009250 0.020667
1 0.742125 0.372333 0.009750 0.020667
8 0.754875 0.371167 0.010750 0.020333
9 0.780000 0.370500 0.011000 0.020333
1 0.785750 0.243500 0.016500 0.028333
8 0.803000 0.241833 0.014500 0.028333
6 0.818000 0.242667 0.016500 0.033333
9 0.833000 0.243833 0.017000 0.032333
5 0.847625 0.242667 0.012250 0.030000
9 0.861000 0.243167 0.016000 0.031000
0 0.875625 0.244000 0.015750 0.029333
2 0.890250 0.243000 0.014500 0.029333
6 0.904875 0.243833 0.013250 0.027667
2 0.918875 0.243500 0.012250 0.031667
2 0.932625 0.242667 0.012750 0.030000
