2 0.607750 0.329167 0.019500 0.041667
1 0.429000 0.425833 0.018000 0.071667
0 0.464750 0.424667 0.040500 0.079333
6 0.514625 0.426667 0.039250 0.075333
10 0.541000 0.425000 0.008000 0.078000
2 0.570000 0.422500 0.042500 0.079667
4 0.453500 0.637500 0.040500 0.070333
1 0.534625 0.634167 0.018250 0.068333
9 0.572125 0.631000 0.039250 0.073333
0 0.783625 0.674000 0.036250 0.043333
1 0.758125 0.570000 0.024750 0.048667
2 0.816375 0.414167 0.043750 0.049667
0 0.153750 0.411000 0.028000 0.038000
0 0.198750 0.492000 0.027500 0.036667
0 0.222250 0.570667 0.027000 0.035333
0 0.197375 0.639333 0.025250 0.034667
0 0.222750 0.639667 0.026500 0.036667
0 0.198250 0.709000 0.026000 0.032667
1 0.173750 0.572500 0.017500 0.035667
1 0.149375 0.492000 0.014250 0.036667
6 0.170875 0.491667 0.025250 0.037333
8 0.195625 0.572000 0.024250 0.036667
2 0.170750 0.640000 0.024000 0.032667
2 0.173750 0.709833 0.023000 0.032333
