0 0.219250 0.440500 0.025000 0.055667
10 0.236500 0.441667 0.008000 0.056000
3 0.256250 0.442167 0.025000 0.057000
2 0.289375 0.441000 0.026750 0.061333
0 0.432500 0.439500 0.022500 0.053667
10 0.447875 0.444333 0.006250 0.061333
3 0.468125 0.441167 0.024250 0.057000
6 0.499500 0.441667 0.027500 0.058000
2 0.535000 0.442167 0.030500 0.059000
0 0.567625 0.443333 0.028250 0.061333
1 0.340625 0.532500 0.006250 0.018333
2 0.392625 0.531500 0.008750 0.020333
3 0.443750 0.531000 0.008000 0.019333
2 0.554625 0.511500 0.007250 0.021667
8 0.563250 0.512500 0.008000 0.021667
1 0.571250 0.512500 0.006500 0.023667
7 0.578875 0.513167 0.008750 0.020333
