3 0.610750 0.210000 0.014500 0.042000
0 0.626000 0.211000 0.014500 0.044000
8 0.640875 0.211000 0.013750 0.044000
2 0.660250 0.212000 0.018500 0.044000
7 0.366000 0.329833 0.044500 0.083667
10 0.404625 0.331500 0.021750 0.085000
0 0.438875 0.333667 0.038750 0.089333
4 0.499750 0.335667 0.046000 0.089333
2 0.334875 0.403000 0.016250 0.038667
5 0.352250 0.403333 0.018500 0.042000
10 0.366750 0.403833 0.009000 0.043000
3 0.378875 0.405000 0.018750 0.045333
4 0.543875 0.413167 0.011250 0.031000
7 0.559000 0.414333 0.014500 0.033333
3 0.580875 0.416833 0.012750 0.036333
4 0.597375 0.415833 0.012250 0.034333
1 0.522875 0.447000 0.009750 0.021333
2 0.537750 0.447333 0.014500 0.022667
0 0.568625 0.448333 0.012750 0.024667
9 0.583375 0.448667 0.012750 0.022667
1 0.614375 0.449667 0.014250 0.023333
4 0.628125 0.450000 0.015250 0.025333
1 0.523125 0.467167 0.010750 0.017000
1 0.538000 0.468333 0.014000 0.020000
2 0.567875 0.470833 0.012250 0.023000
5 0.583125 0.471500 0.013250 0.023000
5 0.611125 0.472500 0.013250 0.023667
0 0.627625 0.473167 0.013250 0.022333
