1 0.451750 0.424333 0.016500 0.136667
2 0.483750 0.425333 0.046500 0.140000
3 0.547000 0.427333 0.044000 0.140000
4 0.596000 0.430667 0.047000 0.132000
5 0.625250 0.474333 0.017500 0.048667
9 0.647250 0.474667 0.019500 0.050667
1 0.429500 0.539000 0.008000 0.052667
2 0.443750 0.539333 0.017500 0.052000
0 0.470500 0.540667 0.017000 0.052000
0 0.489250 0.541667 0.017500 0.052667
2 0.594750 0.543333 0.017500 0.053333
6 0.614250 0.544667 0.018500 0.054667
10 0.625000 0.544333 0.007000 0.054000
5 0.636000 0.545333 0.018000 0.053333
