1 0.422375 0.432833 0.005250 0.013000
6 0.448500 0.486167 0.011000 0.023000
2 0.461500 0.486167 0.011500 0.022333
10 0.470625 0.486500 0.002750 0.023000
0 0.479875 0.486667 0.010750 0.022667
1 0.492250 0.486833 0.007000 0.023000
4 0.713500 0.491333 0.013500 0.024000
10 0.724000 0.491667 0.004500 0.024000
3 0.734500 0.491500 0.012500 0.024333
2 0.452750 0.607667 0.012000 0.023333
10 0.462875 0.607667 0.002750 0.022667
9 0.472125 0.608667 0.011750 0.024000
6 0.484375 0.609000 0.011250 0.023333
0 0.705875 0.618833 0.012750 0.024333
10 0.716000 0.618833 0.004000 0.023667
5 0.726750 0.619833 0.013000 0.024333
4 0.740000 0.620000 0.013000 0.024667
0 0.450500 0.731000 0.012500 0.023333
10 0.460875 0.731333 0.003250 0.022667
1 0.469375 0.731667 0.006250 0.023333
8 0.483250 0.732833 0.011000 0.023667
0 0.697375 0.746500 0.012250 0.025000
10 0.707625 0.746833 0.004250 0.024333
0 0.718125 0.747500 0.012750 0.025000
3 0.731875 0.748500 0.012750 0.025000
5 0.746000 0.749667 0.013500 0.025333
2 0.736375 0.916500 0.009250 0.016333
0 0.745000 0.916500 0.007500 0.016333
0 0.753250 0.917500 0.008500 0.015000
1 0.761000 0.917500 0.006500 0.015667
10 0.767875 0.918500 0.002750 0.016333
4 0.778375 0.919167 0.009250 0.015667
9 0.787000 0.919167 0.007500 0.017000
2 0.803375 0.920833 0.009250 0.015667
7 0.812125 0.920667 0.007750 0.015333
2 0.820625 0.921333 0.007250 0.016000
2 0.829125 0.922000 0.008250 0.016000
2 0.842250 0.922833 0.008500 0.016333
7 0.851125 0.923167 0.007250 0.015000
2 0.859125 0.923667 0.008250 0.017333
6 0.867750 0.924167 0.007500 0.015000
