2 0.460750 0.266833 0.052500 0.131000
6 0.524500 0.270667 0.056000 0.132000
3 0.594625 0.273167 0.055250 0.134333
10 0.640750 0.269833 0.018500 0.129000
5 0.696625 0.278500 0.065750 0.139000
6 0.804875 0.719167 0.006250 0.011000
3 0.811250 0.719833 0.006000 0.010333
4 0.817750 0.720833 0.007000 0.010333
5 0.824625 0.721167 0.006250 0.011000
2 0.831125 0.722000 0.006250 0.011333
9 0.837625 0.722667 0.006250 0.010667
1 0.843750 0.723500 0.004500 0.010333
4 0.850500 0.724333 0.007000 0.010667
9 0.857375 0.725000 0.005750 0.010667
0 0.864000 0.725500 0.006500 0.011000
3 0.870250 0.726167 0.006500 0.011000
5 0.877000 0.726833 0.006500 0.011000
0 0.883625 0.727500 0.006750 0.011000
5 0.890250 0.728000 0.006000 0.010667
1 0.241000 0.942000 0.004000 0.012000
2 0.294000 0.952667 0.006500 0.012667
3 0.349375 0.963500 0.005750 0.013000
4 0.405875 0.976167 0.006250 0.011667
5 0.477875 0.989667 0.006250 0.012667
