1 0.560250 0.223667 0.022500 0.058667
10 0.576750 0.223333 0.007500 0.059333
5 0.594500 0.227000 0.023500 0.057333
1 0.576250 0.280333 0.009000 0.022667
6 0.586250 0.280500 0.008500 0.022333
10 0.595125 0.280000 0.003250 0.023333
6 0.605250 0.281667 0.009000 0.022000
1 0.466250 0.316667 0.006500 0.016667
2 0.507000 0.319167 0.006500 0.015667
3 0.550375 0.322000 0.006750 0.017333
1 0.589250 0.314333 0.005500 0.014667
1 0.602625 0.315333 0.006250 0.014667
2 0.609250 0.315333 0.006500 0.014667
10 0.615125 0.315333 0.002750 0.015333
7 0.621750 0.316167 0.005500 0.015000
5 0.628250 0.316333 0.006000 0.014667
2 0.589375 0.334500 0.006250 0.015000
0 0.602250 0.335000 0.005500 0.014000
8 0.608500 0.335167 0.005500 0.013667
10 0.614875 0.335333 0.002250 0.013333
0 0.621250 0.335667 0.005500 0.014000
0 0.627875 0.335667 0.004750 0.014000
2 0.529375 0.135667 0.006250 0.016667
0 0.536125 0.135833 0.006250 0.016333
1 0.543500 0.136500 0.006000 0.017000
8 0.549625 0.136500 0.006250 0.017000
0 0.563000 0.137500 0.005500 0.015667
1 0.569625 0.138500 0.006750 0.017000
0 0.582875 0.138833 0.005750 0.016333
1 0.589750 0.140167 0.006000 0.017667
0 0.603000 0.141667 0.006000 0.017333
1 0.610125 0.142333 0.005750 0.016667
0 0.622625 0.143000 0.005250 0.017333
3 0.629125 0.143500 0.005750 0.017667
2 0.641750 0.144500 0.006000 0.017000
5 0.647875 0.144833 0.006250 0.017667
8 0.543750 0.533500 0.007000 0.019000
2 0.550250 0.533833 0.005500 0.018333
0 0.556375 0.533333 0.005750 0.018000
0 0.562625 0.533500 0.005250 0.019000
6 0.598750 0.753667 0.005500 0.010000
3 0.604375 0.753667 0.005750 0.010000
6 0.610500 0.754333 0.006000 0.010000
9 0.616000 0.755000 0.005500 0.010000
5 0.621875 0.755667 0.005250 0.010000
7 0.627750 0.755833 0.006000 0.010333
8 0.633750 0.757000 0.006000 0.010000
1 0.639000 0.757500 0.004000 0.009667
8 0.645375 0.758333 0.005750 0.010000
5 0.651125 0.758833 0.005250 0.009667
5 0.657000 0.759667 0.005500 0.010000
6 0.663125 0.760167 0.006250 0.009667
5 0.668875 0.760667 0.005250 0.010000
7 0.675000 0.761333 0.006000 0.010000
1 0.081625 0.973667 0.004750 0.012667
2 0.132000 0.980833 0.006000 0.011000
3 0.183375 0.990000 0.005750 0.012000
