7 0.465500 0.488667 0.019000 0.031333
1 0.485750 0.489833 0.008500 0.033000
3 0.505000 0.489333 0.018500 0.033333
0 0.524875 0.489833 0.018750 0.033000
10 0.539500 0.490000 0.007000 0.033333
7 0.555125 0.490167 0.018250 0.033667
1 0.467375 0.584500 0.010750 0.030333
6 0.485625 0.585667 0.017250 0.030000
8 0.505250 0.585833 0.016500 0.030333
4 0.524375 0.586167 0.015750 0.029667
8 0.543500 0.587167 0.016500 0.031667
0 0.562625 0.587333 0.016750 0.030000
8 0.535250 0.540667 0.012500 0.020667
1 0.763500 0.448667 0.008000 0.032000
4 0.777375 0.448667 0.017250 0.031333
0 0.796250 0.448833 0.018000 0.032333
1 0.725625 0.300333 0.008250 0.038000
2 0.739625 0.300000 0.017750 0.036667
0 0.758250 0.300333 0.020000 0.038000
2 0.721750 0.439333 0.008000 0.015333
2 0.729250 0.439167 0.007000 0.015667
0 0.736875 0.438667 0.008250 0.016000
2 0.700000 0.363833 0.008000 0.017667
0 0.708750 0.363833 0.008000 0.018333
0 0.717250 0.364000 0.008500 0.018667
1 0.661750 0.298000 0.006000 0.016667
8 0.668250 0.298000 0.007000 0.017333
0 0.675875 0.297833 0.008750 0.018333
0 0.363250 0.300167 0.009000 0.015000
0 0.372000 0.300500 0.008000 0.015667
6 0.326250 0.365333 0.008500 0.016000
0 0.334500 0.365167 0.008500 0.017667
4 0.284750 0.311667 0.019500 0.038000
0 0.303250 0.311167 0.019500 0.038333
4 0.305625 0.439667 0.007750 0.013333
0 0.313625 0.439333 0.008250 0.014667
2 0.251250 0.457000 0.017000 0.030000
0 0.269375 0.457167 0.019250 0.031000
