2 0.226750 0.300000 0.037500 0.064667
8 0.268625 0.301000 0.036750 0.068667
7 0.309625 0.302500 0.034250 0.065667
0 0.392125 0.306167 0.038250 0.064333
8 0.435000 0.307333 0.036500 0.066667
5 0.516250 0.310333 0.035000 0.064667
2 0.558750 0.311833 0.037500 0.067667
4 0.637375 0.314500 0.038250 0.064333
0 0.679500 0.316667 0.035000 0.066667
2 0.244750 0.464000 0.065500 0.111333
5 0.319750 0.467167 0.064000 0.113667
3 0.394750 0.468000 0.061000 0.109333
5 0.467125 0.470167 0.061750 0.111667
7 0.540500 0.471333 0.060000 0.107333
0 0.610750 0.474333 0.060000 0.109333
9 0.684625 0.475333 0.059250 0.109333
1 0.286125 0.698833 0.079750 0.210333
5 0.432625 0.701000 0.127250 0.216667
0 0.723750 0.705667 0.123500 0.207333
7 0.867875 0.706667 0.113250 0.207333
0 0.265000 0.921333 0.073500 0.109333
3 0.344375 0.922833 0.071250 0.110333
0 0.501875 0.924333 0.068750 0.109333
7 0.581000 0.924333 0.068000 0.107333
2 0.735000 0.926833 0.065000 0.108333
